    0.000000    1.000000    1.000000
    0.020000    1.000000    1.000000
    0.040000    1.000000    1.000000
    0.060000    1.000000    1.000000
    0.080000    1.000000    1.000000
    0.100000    1.000000    1.000000
    0.120000    1.000000    1.000000
    0.140000    1.000000    1.000000
    0.160000    1.000000    1.000000
    0.180000    1.000000    1.000000
    0.200000    1.000000    1.000000
    0.220000    1.000000    1.000000
    0.240000    1.000000    1.000000
    0.260000    1.000000    1.000000
    0.280000    1.000000    1.000000
    0.300000    1.000000    1.000000
    0.320000    1.000000    1.000000
    0.340000    1.000000    1.000000
    0.360000    1.000000    1.000000
    0.380000    1.000000    1.000000
    0.400000    1.000000    1.000000
    0.420000    1.000000    1.000000
    0.440000    1.000000    1.000000
    0.460000    1.000000    1.000000
    0.480000    1.000000    1.000000
    0.500000    1.000000    1.000000
    0.520000    1.000000    1.000000
    0.540000    1.000000    1.000000
    0.560000    1.000000    1.000000
    0.580000    1.000000    1.000000
    0.600000    1.000000    1.000000
    0.620000    1.000000    1.000000
    0.640000    1.000000    1.000000
    0.660000    1.000000    1.000000
    0.680000    1.000000    1.000000
    0.700000    1.000000    1.000000
    0.720000    1.000000    1.000000
    0.740000    1.000000    1.000000
    0.760000    1.000000    1.000000
    0.780000    1.000000    1.000000
    0.800000    1.000000    1.000000
    0.820000    1.000000    1.000000
    0.840000    1.000000    1.000000
    0.860000    1.000000    1.000000
    0.880000    1.000000    1.000000
    0.900000    1.000000    1.000000
    0.920000    1.000000    1.000000
    0.940000    1.000000    1.000000
    0.960000    1.000000    1.000000
    0.980000    1.000000    1.000000
    1.000000    1.000000    1.000000
 
    0.000000    0.980000    0.000000
    0.020000    0.980000    0.499562
    0.040000    0.980000    0.696776
    0.060000    0.980000    0.789293
    0.080000    0.980000    0.839742
    0.100000    0.980000    0.870663
    0.120000    0.980000    0.891304
    0.140000    0.980000    0.905959
    0.160000    0.980000    0.916841
    0.180000    0.980000    0.925197
    0.200000    0.980000    0.931777
    0.220000    0.980000    0.937059
    0.240000    0.980000    0.941364
    0.260000    0.980000    0.944911
    0.280000    0.980000    0.947856
    0.300000    0.980000    0.950315
    0.320000    0.980000    0.952372
    0.340000    0.980000    0.954091
    0.360000    0.980000    0.955521
    0.380000    0.980000    0.956700
    0.400000    0.980000    0.957656
    0.420000    0.980000    0.958412
    0.440000    0.980000    0.958984
    0.460000    0.980000    0.959385
    0.480000    0.980000    0.959622
    0.500000    0.980000    0.959700
    0.520000    0.980000    0.959622
    0.540000    0.980000    0.959385
    0.560000    0.980000    0.958984
    0.580000    0.980000    0.958412
    0.600000    0.980000    0.957656
    0.620000    0.980000    0.956700
    0.640000    0.980000    0.955521
    0.660000    0.980000    0.954091
    0.680000    0.980000    0.952372
    0.700000    0.980000    0.950315
    0.720000    0.980000    0.947856
    0.740000    0.980000    0.944911
    0.760000    0.980000    0.941364
    0.780000    0.980000    0.937059
    0.800000    0.980000    0.931777
    0.820000    0.980000    0.925197
    0.840000    0.980000    0.916841
    0.860000    0.980000    0.905959
    0.880000    0.980000    0.891304
    0.900000    0.980000    0.870663
    0.920000    0.980000    0.839742
    0.940000    0.980000    0.789293
    0.960000    0.980000    0.696776
    0.980000    0.980000    0.499562
    1.000000    0.980000    0.000000
 
    0.000000    0.960000    0.000000
    0.020000    0.960000    0.301473
    0.040000    0.960000    0.498248
    0.060000    0.960000    0.620653
    0.080000    0.960000    0.699013
    0.100000    0.960000    0.751604
    0.120000    0.960000    0.788595
    0.140000    0.960000    0.815691
    0.160000    0.960000    0.836210
    0.180000    0.960000    0.852170
    0.200000    0.960000    0.864850
    0.220000    0.960000    0.875097
    0.240000    0.960000    0.883485
    0.260000    0.960000    0.890422
    0.280000    0.960000    0.896199
    0.300000    0.960000    0.901032
    0.320000    0.960000    0.905082
    0.340000    0.960000    0.908472
    0.360000    0.960000    0.911294
    0.380000    0.960000    0.913623
    0.400000    0.960000    0.915513
    0.420000    0.960000    0.917008
    0.440000    0.960000    0.918140
    0.460000    0.960000    0.918932
    0.480000    0.960000    0.919402
    0.500000    0.960000    0.919557
    0.520000    0.960000    0.919402
    0.540000    0.960000    0.918932
    0.560000    0.960000    0.918140
    0.580000    0.960000    0.917008
    0.600000    0.960000    0.915513
    0.620000    0.960000    0.913623
    0.640000    0.960000    0.911294
    0.660000    0.960000    0.908472
    0.680000    0.960000    0.905082
    0.700000    0.960000    0.901032
    0.720000    0.960000    0.896199
    0.740000    0.960000    0.890422
    0.760000    0.960000    0.883485
    0.780000    0.960000    0.875097
    0.800000    0.960000    0.864850
    0.820000    0.960000    0.852170
    0.840000    0.960000    0.836210
    0.860000    0.960000    0.815691
    0.880000    0.960000    0.788595
    0.900000    0.960000    0.751604
    0.920000    0.960000    0.699013
    0.940000    0.960000    0.620653
    0.960000    0.960000    0.498248
    0.980000    0.960000    0.301473
    1.000000    0.960000    0.000000
 
    0.000000    0.940000    0.000000
    0.020000    0.940000    0.208080
    0.040000    0.940000    0.374092
    0.060000    0.940000    0.496059
    0.080000    0.940000    0.584053
    0.100000    0.940000    0.648146
    0.120000    0.940000    0.695781
    0.140000    0.940000    0.731999
    0.160000    0.940000    0.760137
    0.180000    0.940000    0.782421
    0.200000    0.940000    0.800358
    0.220000    0.940000    0.814992
    0.240000    0.940000    0.827059
    0.260000    0.940000    0.837093
    0.280000    0.940000    0.845487
    0.300000    0.940000    0.852533
    0.320000    0.940000    0.858453
    0.340000    0.940000    0.863419
    0.360000    0.940000    0.867562
    0.380000    0.940000    0.870984
    0.400000    0.940000    0.873765
    0.420000    0.940000    0.875967
    0.440000    0.940000    0.877635
    0.460000    0.940000    0.878804
    0.480000    0.940000    0.879496
    0.500000    0.940000    0.879725
    0.520000    0.940000    0.879496
    0.540000    0.940000    0.878804
    0.560000    0.940000    0.877635
    0.580000    0.940000    0.875967
    0.600000    0.940000    0.873765
    0.620000    0.940000    0.870984
    0.640000    0.940000    0.867562
    0.660000    0.940000    0.863419
    0.680000    0.940000    0.858453
    0.700000    0.940000    0.852533
    0.720000    0.940000    0.845487
    0.740000    0.940000    0.837093
    0.760000    0.940000    0.827059
    0.780000    0.940000    0.814992
    0.800000    0.940000    0.800358
    0.820000    0.940000    0.782421
    0.840000    0.940000    0.760137
    0.860000    0.940000    0.731999
    0.880000    0.940000    0.695781
    0.900000    0.940000    0.648146
    0.920000    0.940000    0.584053
    0.940000    0.940000    0.496059
    0.960000    0.940000    0.374092
    0.980000    0.940000    0.208080
    1.000000    0.940000    0.000000
 
    0.000000    0.920000    0.000000
    0.020000    0.920000    0.156754
    0.040000    0.920000    0.293980
    0.060000    0.920000    0.405438
    0.080000    0.920000    0.492994
    0.100000    0.920000    0.561145
    0.120000    0.920000    0.614386
    0.140000    0.920000    0.656386
    0.160000    0.920000    0.689919
    0.180000    0.920000    0.717020
    0.200000    0.920000    0.739170
    0.220000    0.920000    0.757453
    0.240000    0.920000    0.772666
    0.260000    0.920000    0.785406
    0.280000    0.920000    0.796122
    0.300000    0.920000    0.805158
    0.320000    0.920000    0.812778
    0.340000    0.920000    0.819189
    0.360000    0.920000    0.824549
    0.380000    0.920000    0.828986
    0.400000    0.920000    0.832597
    0.420000    0.920000    0.835459
    0.440000    0.920000    0.837630
    0.460000    0.920000    0.839151
    0.480000    0.920000    0.840053
    0.500000    0.920000    0.840352
    0.520000    0.920000    0.840053
    0.540000    0.920000    0.839151
    0.560000    0.920000    0.837630
    0.580000    0.920000    0.835459
    0.600000    0.920000    0.832597
    0.620000    0.920000    0.828986
    0.640000    0.920000    0.824549
    0.660000    0.920000    0.819189
    0.680000    0.920000    0.812778
    0.700000    0.920000    0.805158
    0.720000    0.920000    0.796122
    0.740000    0.920000    0.785406
    0.760000    0.920000    0.772666
    0.780000    0.920000    0.757453
    0.800000    0.920000    0.739170
    0.820000    0.920000    0.717020
    0.840000    0.920000    0.689919
    0.860000    0.920000    0.656386
    0.880000    0.920000    0.614386
    0.900000    0.920000    0.561145
    0.920000    0.920000    0.492994
    0.940000    0.920000    0.405438
    0.960000    0.920000    0.293980
    0.980000    0.920000    0.156754
    1.000000    0.920000    0.000000
 
    0.000000    0.900000    0.000000
    0.020000    0.900000    0.124958
    0.040000    0.900000    0.239637
    0.060000    0.900000    0.338717
    0.080000    0.900000    0.421340
    0.100000    0.900000    0.489054
    0.120000    0.900000    0.544230
    0.140000    0.900000    0.589240
    0.160000    0.900000    0.626134
    0.180000    0.900000    0.656570
    0.200000    0.900000    0.681850
    0.220000    0.900000    0.702983
    0.240000    0.900000    0.720746
    0.260000    0.900000    0.735741
    0.280000    0.900000    0.748437
    0.300000    0.900000    0.759199
    0.320000    0.900000    0.768314
    0.340000    0.900000    0.776008
    0.360000    0.900000    0.782460
    0.380000    0.900000    0.787813
    0.400000    0.900000    0.792179
    0.420000    0.900000    0.795643
    0.440000    0.900000    0.798273
    0.460000    0.900000    0.800119
    0.480000    0.900000    0.801213
    0.500000    0.900000    0.801575
    0.520000    0.900000    0.801213
    0.540000    0.900000    0.800119
    0.560000    0.900000    0.798273
    0.580000    0.900000    0.795643
    0.600000    0.900000    0.792179
    0.620000    0.900000    0.787813
    0.640000    0.900000    0.782461
    0.660000    0.900000    0.776008
    0.680000    0.900000    0.768314
    0.700000    0.900000    0.759199
    0.720000    0.900000    0.748437
    0.740000    0.900000    0.735741
    0.760000    0.900000    0.720746
    0.780000    0.900000    0.702983
    0.800000    0.900000    0.681850
    0.820000    0.900000    0.656570
    0.840000    0.900000    0.626134
    0.860000    0.900000    0.589240
    0.880000    0.900000    0.544230
    0.900000    0.900000    0.489054
    0.920000    0.900000    0.421340
    0.940000    0.900000    0.338717
    0.960000    0.900000    0.239637
    0.980000    0.900000    0.124958
    1.000000    0.900000    0.000000
 
    0.000000    0.880000    0.000000
    0.020000    0.880000    0.103440
    0.040000    0.880000    0.200894
    0.060000    0.880000    0.288453
    0.080000    0.880000    0.364597
    0.100000    0.880000    0.429501
    0.120000    0.880000    0.484241
    0.140000    0.880000    0.530211
    0.160000    0.880000    0.568806
    0.180000    0.880000    0.601276
    0.200000    0.880000    0.628677
    0.220000    0.880000    0.651882
    0.240000    0.880000    0.671593
    0.260000    0.880000    0.688377
    0.280000    0.880000    0.702687
    0.300000    0.880000    0.714888
    0.320000    0.880000    0.725270
    0.340000    0.880000    0.734069
    0.360000    0.880000    0.741471
    0.380000    0.880000    0.747629
    0.400000    0.880000    0.752661
    0.420000    0.880000    0.756661
    0.440000    0.880000    0.759702
    0.460000    0.880000    0.761837
    0.480000    0.880000    0.763104
    0.500000    0.880000    0.763524
    0.520000    0.880000    0.763104
    0.540000    0.880000    0.761837
    0.560000    0.880000    0.759702
    0.580000    0.880000    0.756661
    0.600000    0.880000    0.752661
    0.620000    0.880000    0.747629
    0.640000    0.880000    0.741471
    0.660000    0.880000    0.734069
    0.680000    0.880000    0.725270
    0.700000    0.880000    0.714888
    0.720000    0.880000    0.702687
    0.740000    0.880000    0.688377
    0.760000    0.880000    0.671593
    0.780000    0.880000    0.651882
    0.800000    0.880000    0.628677
    0.820000    0.880000    0.601276
    0.840000    0.880000    0.568806
    0.860000    0.880000    0.530211
    0.880000    0.880000    0.484241
    0.900000    0.880000    0.429501
    0.920000    0.880000    0.364597
    0.940000    0.880000    0.288453
    0.960000    0.880000    0.200894
    0.980000    0.880000    0.103440
    1.000000    0.880000    0.000000
 
    0.000000    0.860000    0.000000
    0.020000    0.860000    0.087908
    0.040000    0.860000    0.172044
    0.060000    0.860000    0.249606
    0.080000    0.860000    0.319091
    0.100000    0.860000    0.380113
    0.120000    0.860000    0.433021
    0.140000    0.860000    0.478556
    0.160000    0.860000    0.517604
    0.180000    0.860000    0.551049
    0.200000    0.860000    0.579703
    0.220000    0.860000    0.604274
    0.240000    0.860000    0.625367
    0.260000    0.860000    0.643486
    0.280000    0.860000    0.659046
    0.300000    0.860000    0.672394
    0.320000    0.860000    0.683810
    0.340000    0.860000    0.693525
    0.360000    0.860000    0.701728
    0.380000    0.860000    0.708570
    0.400000    0.860000    0.714174
    0.420000    0.860000    0.718638
    0.440000    0.860000    0.722036
    0.460000    0.860000    0.724425
    0.480000    0.860000    0.725843
    0.500000    0.860000    0.726313
    0.520000    0.860000    0.725843
    0.540000    0.860000    0.724425
    0.560000    0.860000    0.722036
    0.580000    0.860000    0.718638
    0.600000    0.860000    0.714174
    0.620000    0.860000    0.708570
    0.640000    0.860000    0.701728
    0.660000    0.860000    0.693525
    0.680000    0.860000    0.683810
    0.700000    0.860000    0.672394
    0.720000    0.860000    0.659046
    0.740000    0.860000    0.643486
    0.760000    0.860000    0.625367
    0.780000    0.860000    0.604274
    0.800000    0.860000    0.579703
    0.820000    0.860000    0.551049
    0.840000    0.860000    0.517604
    0.860000    0.860000    0.478556
    0.880000    0.860000    0.433021
    0.900000    0.860000    0.380113
    0.920000    0.860000    0.319091
    0.940000    0.860000    0.249606
    0.960000    0.860000    0.172044
    0.980000    0.860000    0.087908
    1.000000    0.860000    0.000000
 
    0.000000    0.840000    0.000000
    0.020000    0.840000    0.076147
    0.040000    0.840000    0.149769
    0.060000    0.840000    0.218834
    0.080000    0.840000    0.282050
    0.100000    0.840000    0.338838
    0.120000    0.840000    0.389174
    0.140000    0.840000    0.433389
    0.160000    0.840000    0.472004
    0.180000    0.840000    0.505613
    0.200000    0.840000    0.534809
    0.220000    0.840000    0.560146
    0.240000    0.840000    0.582117
    0.260000    0.840000    0.601152
    0.280000    0.840000    0.617619
    0.300000    0.840000    0.631832
    0.320000    0.840000    0.644051
    0.340000    0.840000    0.654495
    0.360000    0.840000    0.663345
    0.380000    0.840000    0.670749
    0.400000    0.840000    0.676828
    0.420000    0.840000    0.681680
    0.440000    0.840000    0.685379
    0.460000    0.840000    0.687983
    0.480000    0.840000    0.689529
    0.500000    0.840000    0.690042
    0.520000    0.840000    0.689529
    0.540000    0.840000    0.687983
    0.560000    0.840000    0.685379
    0.580000    0.840000    0.681680
    0.600000    0.840000    0.676828
    0.620000    0.840000    0.670749
    0.640000    0.840000    0.663345
    0.660000    0.840000    0.654495
    0.680000    0.840000    0.644051
    0.700000    0.840000    0.631832
    0.720000    0.840000    0.617619
    0.740000    0.840000    0.601152
    0.760000    0.840000    0.582117
    0.780000    0.840000    0.560146
    0.800000    0.840000    0.534809
    0.820000    0.840000    0.505613
    0.840000    0.840000    0.472004
    0.860000    0.840000    0.433389
    0.880000    0.840000    0.389174
    0.900000    0.840000    0.338838
    0.920000    0.840000    0.282050
    0.940000    0.840000    0.218834
    0.960000    0.840000    0.149769
    0.980000    0.840000    0.076147
    1.000000    0.840000    0.000000
 
    0.000000    0.820000    0.000000
    0.020000    0.820000    0.066911
    0.040000    0.820000    0.132050
    0.060000    0.820000    0.193913
    0.080000    0.820000    0.251436
    0.100000    0.820000    0.304016
    0.120000    0.820000    0.351449
    0.140000    0.820000    0.393822
    0.160000    0.820000    0.431410
    0.180000    0.820000    0.464590
    0.200000    0.820000    0.493776
    0.220000    0.820000    0.519383
    0.240000    0.820000    0.541801
    0.260000    0.820000    0.561385
    0.280000    0.820000    0.578448
    0.300000    0.820000    0.593263
    0.320000    0.820000    0.606067
    0.340000    0.820000    0.617059
    0.360000    0.820000    0.626407
    0.380000    0.820000    0.634252
    0.400000    0.820000    0.640711
    0.420000    0.820000    0.645875
    0.440000    0.820000    0.649819
    0.460000    0.820000    0.652597
    0.480000    0.820000    0.654250
    0.500000    0.820000    0.654798
    0.520000    0.820000    0.654250
    0.540000    0.820000    0.652597
    0.560000    0.820000    0.649819
    0.580000    0.820000    0.645875
    0.600000    0.820000    0.640711
    0.620000    0.820000    0.634252
    0.640000    0.820000    0.626407
    0.660000    0.820000    0.617059
    0.680000    0.820000    0.606067
    0.700000    0.820000    0.593263
    0.720000    0.820000    0.578448
    0.740000    0.820000    0.561385
    0.760000    0.820000    0.541801
    0.780000    0.820000    0.519383
    0.800000    0.820000    0.493776
    0.820000    0.820000    0.464590
    0.840000    0.820000    0.431410
    0.860000    0.820000    0.393822
    0.880000    0.820000    0.351449
    0.900000    0.820000    0.304016
    0.920000    0.820000    0.251436
    0.940000    0.820000    0.193913
    0.960000    0.820000    0.132050
    0.980000    0.820000    0.066911
    1.000000    0.820000    0.000000
 
    0.000000    0.800000    0.000000
    0.020000    0.800000    0.059449
    0.040000    0.800000    0.117605
    0.060000    0.800000    0.173333
    0.080000    0.800000    0.225766
    0.100000    0.800000    0.274342
    0.120000    0.800000    0.318783
    0.140000    0.800000    0.359039
    0.160000    0.800000    0.395225
    0.180000    0.800000    0.427561
    0.200000    0.800000    0.456322
    0.220000    0.800000    0.481810
    0.240000    0.800000    0.504321
    0.260000    0.800000    0.524139
    0.280000    0.800000    0.541523
    0.300000    0.800000    0.556707
    0.320000    0.800000    0.569895
    0.340000    0.800000    0.581266
    0.360000    0.800000    0.590972
    0.380000    0.800000    0.599143
    0.400000    0.800000    0.605887
    0.420000    0.800000    0.611290
    0.440000    0.800000    0.615423
    0.460000    0.800000    0.618339
    0.480000    0.800000    0.620074
    0.500000    0.800000    0.620649
    0.520000    0.800000    0.620074
    0.540000    0.800000    0.618339
    0.560000    0.800000    0.615423
    0.580000    0.800000    0.611290
    0.600000    0.800000    0.605887
    0.620000    0.800000    0.599143
    0.640000    0.800000    0.590972
    0.660000    0.800000    0.581266
    0.680000    0.800000    0.569895
    0.700000    0.800000    0.556707
    0.720000    0.800000    0.541523
    0.740000    0.800000    0.524139
    0.760000    0.800000    0.504321
    0.780000    0.800000    0.481810
    0.800000    0.800000    0.456322
    0.820000    0.800000    0.427561
    0.840000    0.800000    0.395225
    0.860000    0.800000    0.359039
    0.880000    0.800000    0.318783
    0.900000    0.800000    0.274342
    0.920000    0.800000    0.225766
    0.940000    0.800000    0.173333
    0.960000    0.800000    0.117605
    0.980000    0.800000    0.059449
    1.000000    0.800000    0.000000
 
    0.000000    0.780000    0.000000
    0.020000    0.780000    0.053281
    0.040000    0.780000    0.105588
    0.060000    0.780000    0.156047
    0.080000    0.780000    0.203951
    0.100000    0.780000    0.248803
    0.120000    0.780000    0.290302
    0.140000    0.780000    0.328326
    0.160000    0.780000    0.362890
    0.180000    0.780000    0.394105
    0.200000    0.780000    0.422143
    0.220000    0.780000    0.447212
    0.240000    0.780000    0.469534
    0.260000    0.780000    0.489326
    0.280000    0.780000    0.506799
    0.300000    0.780000    0.522145
    0.320000    0.780000    0.535540
    0.340000    0.780000    0.547137
    0.360000    0.780000    0.557072
    0.380000    0.780000    0.565462
    0.400000    0.780000    0.572403
    0.420000    0.780000    0.577976
    0.440000    0.780000    0.582246
    0.460000    0.780000    0.585261
    0.480000    0.780000    0.587056
    0.500000    0.780000    0.587653
    0.520000    0.780000    0.587056
    0.540000    0.780000    0.585261
    0.560000    0.780000    0.582246
    0.580000    0.780000    0.577976
    0.600000    0.780000    0.572403
    0.620000    0.780000    0.565462
    0.640000    0.780000    0.557072
    0.660000    0.780000    0.547137
    0.680000    0.780000    0.535540
    0.700000    0.780000    0.522145
    0.720000    0.780000    0.506799
    0.740000    0.780000    0.489326
    0.760000    0.780000    0.469534
    0.780000    0.780000    0.447212
    0.800000    0.780000    0.422143
    0.820000    0.780000    0.394105
    0.840000    0.780000    0.362890
    0.860000    0.780000    0.328326
    0.880000    0.780000    0.290302
    0.900000    0.780000    0.248803
    0.920000    0.780000    0.203951
    0.940000    0.780000    0.156047
    0.960000    0.780000    0.105588
    0.980000    0.780000    0.053281
    1.000000    0.780000    0.000000
 
    0.000000    0.760000    0.000000
    0.020000    0.760000    0.048086
    0.040000    0.760000    0.095421
    0.060000    0.760000    0.141314
    0.080000    0.760000    0.185191
    0.100000    0.760000    0.226615
    0.120000    0.760000    0.265295
    0.140000    0.760000    0.301074
    0.160000    0.760000    0.333905
    0.180000    0.760000    0.363825
    0.200000    0.760000    0.390932
    0.220000    0.760000    0.415363
    0.240000    0.760000    0.437275
    0.260000    0.760000    0.456833
    0.280000    0.760000    0.474201
    0.300000    0.760000    0.489536
    0.320000    0.760000    0.502982
    0.340000    0.760000    0.514670
    0.360000    0.760000    0.524719
    0.380000    0.760000    0.533229
    0.400000    0.760000    0.540286
    0.420000    0.760000    0.545965
    0.440000    0.760000    0.550322
    0.460000    0.760000    0.553403
    0.480000    0.760000    0.555239
    0.500000    0.760000    0.555849
    0.520000    0.760000    0.555239
    0.540000    0.760000    0.553403
    0.560000    0.760000    0.550322
    0.580000    0.760000    0.545965
    0.600000    0.760000    0.540286
    0.620000    0.760000    0.533229
    0.640000    0.760000    0.524719
    0.660000    0.760000    0.514671
    0.680000    0.760000    0.502982
    0.700000    0.760000    0.489536
    0.720000    0.760000    0.474201
    0.740000    0.760000    0.456833
    0.760000    0.760000    0.437275
    0.780000    0.760000    0.415363
    0.800000    0.760000    0.390932
    0.820000    0.760000    0.363825
    0.840000    0.760000    0.333905
    0.860000    0.760000    0.301074
    0.880000    0.760000    0.265295
    0.900000    0.760000    0.226615
    0.920000    0.760000    0.185191
    0.940000    0.760000    0.141314
    0.960000    0.760000    0.095421
    0.980000    0.760000    0.048086
    1.000000    0.760000    0.000000
 
    0.000000    0.740000    0.000000
    0.020000    0.740000    0.043644
    0.040000    0.740000    0.086693
    0.060000    0.740000    0.128598
    0.080000    0.740000    0.168883
    0.100000    0.740000    0.207171
    0.120000    0.740000    0.243191
    0.140000    0.740000    0.276771
    0.160000    0.740000    0.307830
    0.180000    0.740000    0.336358
    0.200000    0.740000    0.362398
    0.220000    0.740000    0.386033
    0.240000    0.740000    0.407371
    0.260000    0.740000    0.426531
    0.280000    0.740000    0.443638
    0.300000    0.740000    0.458815
    0.320000    0.740000    0.472181
    0.340000    0.740000    0.483844
    0.360000    0.740000    0.493904
    0.380000    0.740000    0.502447
    0.400000    0.740000    0.509550
    0.420000    0.740000    0.515275
    0.440000    0.740000    0.519675
    0.460000    0.740000    0.522790
    0.480000    0.740000    0.524647
    0.500000    0.740000    0.525264
    0.520000    0.740000    0.524647
    0.540000    0.740000    0.522790
    0.560000    0.740000    0.519675
    0.580000    0.740000    0.515275
    0.600000    0.740000    0.509550
    0.620000    0.740000    0.502447
    0.640000    0.740000    0.493904
    0.660000    0.740000    0.483844
    0.680000    0.740000    0.472181
    0.700000    0.740000    0.458815
    0.720000    0.740000    0.443638
    0.740000    0.740000    0.426531
    0.760000    0.740000    0.407371
    0.780000    0.740000    0.386033
    0.800000    0.740000    0.362398
    0.820000    0.740000    0.336358
    0.840000    0.740000    0.307830
    0.860000    0.740000    0.276771
    0.880000    0.740000    0.243191
    0.900000    0.740000    0.207171
    0.920000    0.740000    0.168883
    0.940000    0.740000    0.128598
    0.960000    0.740000    0.086693
    0.980000    0.740000    0.043644
    1.000000    0.740000    0.000000
 
    0.000000    0.720000    0.000000
    0.020000    0.720000    0.039795
    0.040000    0.720000    0.079112
    0.060000    0.720000    0.117503
    0.080000    0.720000    0.154572
    0.100000    0.720000    0.189996
    0.120000    0.720000    0.223525
    0.140000    0.720000    0.254989
    0.160000    0.720000    0.284287
    0.180000    0.720000    0.311378
    0.200000    0.720000    0.336268
    0.220000    0.720000    0.359001
    0.240000    0.720000    0.379644
    0.260000    0.720000    0.398281
    0.280000    0.720000    0.415003
    0.300000    0.720000    0.429906
    0.320000    0.720000    0.443083
    0.340000    0.720000    0.454622
    0.360000    0.720000    0.464605
    0.380000    0.720000    0.473107
    0.400000    0.720000    0.480190
    0.420000    0.720000    0.485911
    0.440000    0.720000    0.490314
    0.460000    0.720000    0.493433
    0.480000    0.720000    0.495295
    0.500000    0.720000    0.495914
    0.520000    0.720000    0.495295
    0.540000    0.720000    0.493433
    0.560000    0.720000    0.490314
    0.580000    0.720000    0.485911
    0.600000    0.720000    0.480190
    0.620000    0.720000    0.473107
    0.640000    0.720000    0.464605
    0.660000    0.720000    0.454622
    0.680000    0.720000    0.443083
    0.700000    0.720000    0.429906
    0.720000    0.720000    0.415003
    0.740000    0.720000    0.398281
    0.760000    0.720000    0.379644
    0.780000    0.720000    0.359001
    0.800000    0.720000    0.336268
    0.820000    0.720000    0.311378
    0.840000    0.720000    0.284287
    0.860000    0.720000    0.254989
    0.880000    0.720000    0.223525
    0.900000    0.720000    0.189996
    0.920000    0.720000    0.154572
    0.940000    0.720000    0.117503
    0.960000    0.720000    0.079112
    0.980000    0.720000    0.039795
    1.000000    0.720000    0.000000
 
    0.000000    0.700000    0.000000
    0.020000    0.700000    0.036423
    0.040000    0.700000    0.072456
    0.060000    0.700000    0.107728
    0.080000    0.700000    0.141908
    0.100000    0.700000    0.174715
    0.120000    0.700000    0.205924
    0.140000    0.700000    0.235373
    0.160000    0.700000    0.262951
    0.180000    0.700000    0.288598
    0.200000    0.700000    0.312297
    0.220000    0.700000    0.334059
    0.240000    0.700000    0.353924
    0.260000    0.700000    0.371945
    0.280000    0.700000    0.388188
    0.300000    0.700000    0.402723
    0.320000    0.700000    0.415622
    0.340000    0.700000    0.426955
    0.360000    0.700000    0.436789
    0.380000    0.700000    0.445184
    0.400000    0.700000    0.452194
    0.420000    0.700000    0.457864
    0.440000    0.700000    0.462235
    0.460000    0.700000    0.465335
    0.480000    0.700000    0.467187
    0.500000    0.700000    0.467802
    0.520000    0.700000    0.467187
    0.540000    0.700000    0.465335
    0.560000    0.700000    0.462235
    0.580000    0.700000    0.457864
    0.600000    0.700000    0.452194
    0.620000    0.700000    0.445184
    0.640000    0.700000    0.436789
    0.660000    0.700000    0.426955
    0.680000    0.700000    0.415622
    0.700000    0.700000    0.402723
    0.720000    0.700000    0.388188
    0.740000    0.700000    0.371945
    0.760000    0.700000    0.353924
    0.780000    0.700000    0.334059
    0.800000    0.700000    0.312297
    0.820000    0.700000    0.288598
    0.840000    0.700000    0.262951
    0.860000    0.700000    0.235373
    0.880000    0.700000    0.205924
    0.900000    0.700000    0.174715
    0.920000    0.700000    0.141908
    0.940000    0.700000    0.107728
    0.960000    0.700000    0.072456
    0.980000    0.700000    0.036423
    1.000000    0.700000    0.000000
 
    0.000000    0.680000    0.000000
    0.020000    0.680000    0.033442
    0.040000    0.680000    0.066560
    0.060000    0.680000    0.099045
    0.080000    0.680000    0.130617
    0.100000    0.680000    0.161030
    0.120000    0.680000    0.190085
    0.140000    0.680000    0.217627
    0.160000    0.680000    0.243545
    0.180000    0.680000    0.267768
    0.200000    0.680000    0.290261
    0.220000    0.680000    0.311015
    0.240000    0.680000    0.330047
    0.260000    0.680000    0.347388
    0.280000    0.680000    0.363081
    0.300000    0.680000    0.377176
    0.320000    0.680000    0.389727
    0.340000    0.680000    0.400788
    0.360000    0.680000    0.410412
    0.380000    0.680000    0.418646
    0.400000    0.680000    0.425536
    0.420000    0.680000    0.431118
    0.440000    0.680000    0.435427
    0.460000    0.680000    0.438486
    0.480000    0.680000    0.440314
    0.500000    0.680000    0.440922
    0.520000    0.680000    0.440314
    0.540000    0.680000    0.438486
    0.560000    0.680000    0.435427
    0.580000    0.680000    0.431118
    0.600000    0.680000    0.425536
    0.620000    0.680000    0.418646
    0.640000    0.680000    0.410412
    0.660000    0.680000    0.400788
    0.680000    0.680000    0.389727
    0.700000    0.680000    0.377176
    0.720000    0.680000    0.363081
    0.740000    0.680000    0.347388
    0.760000    0.680000    0.330047
    0.780000    0.680000    0.311015
    0.800000    0.680000    0.290261
    0.820000    0.680000    0.267768
    0.840000    0.680000    0.243545
    0.860000    0.680000    0.217627
    0.880000    0.680000    0.190085
    0.900000    0.680000    0.161030
    0.920000    0.680000    0.130617
    0.940000    0.680000    0.099046
    0.960000    0.680000    0.066560
    0.980000    0.680000    0.033442
    1.000000    0.680000    0.000000
 
    0.000000    0.660000    0.000000
    0.020000    0.660000    0.030785
    0.040000    0.660000    0.061297
    0.060000    0.660000    0.091277
    0.080000    0.660000    0.120484
    0.100000    0.660000    0.148704
    0.120000    0.660000    0.175759
    0.140000    0.660000    0.201506
    0.160000    0.660000    0.225834
    0.180000    0.660000    0.248669
    0.200000    0.660000    0.269962
    0.220000    0.660000    0.289694
    0.240000    0.660000    0.307861
    0.260000    0.660000    0.324478
    0.280000    0.660000    0.339571
    0.300000    0.660000    0.353173
    0.320000    0.660000    0.365322
    0.340000    0.660000    0.376059
    0.360000    0.660000    0.385423
    0.380000    0.660000    0.393453
    0.400000    0.660000    0.400184
    0.420000    0.660000    0.405647
    0.440000    0.660000    0.409868
    0.460000    0.660000    0.412867
    0.480000    0.660000    0.414661
    0.500000    0.660000    0.415258
    0.520000    0.660000    0.414661
    0.540000    0.660000    0.412867
    0.560000    0.660000    0.409868
    0.580000    0.660000    0.405647
    0.600000    0.660000    0.400184
    0.620000    0.660000    0.393453
    0.640000    0.660000    0.385423
    0.660000    0.660000    0.376059
    0.680000    0.660000    0.365322
    0.700000    0.660000    0.353173
    0.720000    0.660000    0.339571
    0.740000    0.660000    0.324478
    0.760000    0.660000    0.307861
    0.780000    0.660000    0.289694
    0.800000    0.660000    0.269962
    0.820000    0.660000    0.248669
    0.840000    0.660000    0.225834
    0.860000    0.660000    0.201506
    0.880000    0.660000    0.175759
    0.900000    0.660000    0.148704
    0.920000    0.660000    0.120484
    0.940000    0.660000    0.091277
    0.960000    0.660000    0.061297
    0.980000    0.660000    0.030785
    1.000000    0.660000    0.000000
 
    0.000000    0.640000    0.000000
    0.020000    0.640000    0.028399
    0.040000    0.640000    0.056568
    0.060000    0.640000    0.084282
    0.080000    0.640000    0.111336
    0.100000    0.640000    0.137543
    0.120000    0.640000    0.162742
    0.140000    0.640000    0.186802
    0.160000    0.640000    0.209617
    0.180000    0.640000    0.231110
    0.200000    0.640000    0.251227
    0.220000    0.640000    0.269937
    0.240000    0.640000    0.287225
    0.260000    0.640000    0.303093
    0.280000    0.640000    0.317552
    0.300000    0.640000    0.330623
    0.320000    0.640000    0.342330
    0.340000    0.640000    0.352702
    0.360000    0.640000    0.361769
    0.380000    0.640000    0.369560
    0.400000    0.640000    0.376101
    0.420000    0.640000    0.381417
    0.440000    0.640000    0.385530
    0.460000    0.640000    0.388455
    0.480000    0.640000    0.390205
    0.500000    0.640000    0.390787
    0.520000    0.640000    0.390205
    0.540000    0.640000    0.388455
    0.560000    0.640000    0.385530
    0.580000    0.640000    0.381417
    0.600000    0.640000    0.376101
    0.620000    0.640000    0.369560
    0.640000    0.640000    0.361769
    0.660000    0.640000    0.352702
    0.680000    0.640000    0.342330
    0.700000    0.640000    0.330623
    0.720000    0.640000    0.317552
    0.740000    0.640000    0.303093
    0.760000    0.640000    0.287225
    0.780000    0.640000    0.269937
    0.800000    0.640000    0.251227
    0.820000    0.640000    0.231110
    0.840000    0.640000    0.209617
    0.860000    0.640000    0.186802
    0.880000    0.640000    0.162742
    0.900000    0.640000    0.137543
    0.920000    0.640000    0.111336
    0.940000    0.640000    0.084282
    0.960000    0.640000    0.056568
    0.980000    0.640000    0.028399
    1.000000    0.640000    0.000000
 
    0.000000    0.620000    0.000000
    0.020000    0.620000    0.026245
    0.040000    0.620000    0.052292
    0.060000    0.620000    0.077949
    0.080000    0.620000    0.103036
    0.100000    0.620000    0.127389
    0.120000    0.620000    0.150865
    0.140000    0.620000    0.173343
    0.160000    0.620000    0.194723
    0.180000    0.620000    0.214927
    0.200000    0.620000    0.233899
    0.220000    0.620000    0.251601
    0.240000    0.620000    0.268009
    0.260000    0.620000    0.283116
    0.280000    0.620000    0.296922
    0.300000    0.620000    0.309436
    0.320000    0.620000    0.320672
    0.340000    0.620000    0.330651
    0.360000    0.620000    0.339392
    0.380000    0.620000    0.346916
    0.400000    0.620000    0.353243
    0.420000    0.620000    0.358392
    0.440000    0.620000    0.362379
    0.460000    0.620000    0.365217
    0.480000    0.620000    0.366916
    0.500000    0.620000    0.367482
    0.520000    0.620000    0.366916
    0.540000    0.620000    0.365217
    0.560000    0.620000    0.362379
    0.580000    0.620000    0.358392
    0.600000    0.620000    0.353243
    0.620000    0.620000    0.346916
    0.640000    0.620000    0.339392
    0.660000    0.620000    0.330651
    0.680000    0.620000    0.320672
    0.700000    0.620000    0.309436
    0.720000    0.620000    0.296922
    0.740000    0.620000    0.283116
    0.760000    0.620000    0.268009
    0.780000    0.620000    0.251601
    0.800000    0.620000    0.233899
    0.820000    0.620000    0.214927
    0.840000    0.620000    0.194723
    0.860000    0.620000    0.173343
    0.880000    0.620000    0.150865
    0.900000    0.620000    0.127389
    0.920000    0.620000    0.103036
    0.940000    0.620000    0.077949
    0.960000    0.620000    0.052292
    0.980000    0.620000    0.026245
    1.000000    0.620000    0.000000
 
    0.000000    0.600000    0.000000
    0.020000    0.600000    0.024288
    0.040000    0.600000    0.048406
    0.060000    0.600000    0.072185
    0.080000    0.600000    0.095469
    0.100000    0.600000    0.118112
    0.120000    0.600000    0.139987
    0.140000    0.600000    0.160982
    0.160000    0.600000    0.181003
    0.180000    0.600000    0.199976
    0.200000    0.600000    0.217841
    0.220000    0.600000    0.234557
    0.240000    0.600000    0.250096
    0.260000    0.600000    0.264440
    0.280000    0.600000    0.277583
    0.300000    0.600000    0.289525
    0.320000    0.600000    0.300273
    0.340000    0.600000    0.309838
    0.360000    0.600000    0.318231
    0.380000    0.600000    0.325468
    0.400000    0.600000    0.331562
    0.420000    0.600000    0.336528
    0.440000    0.600000    0.340377
    0.460000    0.600000    0.343119
    0.480000    0.600000    0.344761
    0.500000    0.600000    0.345308
    0.520000    0.600000    0.344761
    0.540000    0.600000    0.343119
    0.560000    0.600000    0.340377
    0.580000    0.600000    0.336528
    0.600000    0.600000    0.331562
    0.620000    0.600000    0.325468
    0.640000    0.600000    0.318231
    0.660000    0.600000    0.309838
    0.680000    0.600000    0.300273
    0.700000    0.600000    0.289525
    0.720000    0.600000    0.277583
    0.740000    0.600000    0.264440
    0.760000    0.600000    0.250096
    0.780000    0.600000    0.234557
    0.800000    0.600000    0.217841
    0.820000    0.600000    0.199976
    0.840000    0.600000    0.181003
    0.860000    0.600000    0.160982
    0.880000    0.600000    0.139987
    0.900000    0.600000    0.118112
    0.920000    0.600000    0.095469
    0.940000    0.600000    0.072185
    0.960000    0.600000    0.048406
    0.980000    0.600000    0.024288
    1.000000    0.600000    0.000000
 
    0.000000    0.580000    0.000000
    0.020000    0.580000    0.022503
    0.040000    0.580000    0.044857
    0.060000    0.580000    0.066916
    0.080000    0.580000    0.088541
    0.100000    0.580000    0.109604
    0.120000    0.580000    0.129990
    0.140000    0.580000    0.149595
    0.160000    0.580000    0.168333
    0.180000    0.580000    0.186131
    0.200000    0.580000    0.202933
    0.220000    0.580000    0.218692
    0.240000    0.580000    0.233377
    0.260000    0.580000    0.246966
    0.280000    0.580000    0.259445
    0.300000    0.580000    0.270810
    0.320000    0.580000    0.281058
    0.340000    0.580000    0.290195
    0.360000    0.580000    0.298227
    0.380000    0.580000    0.305163
    0.400000    0.580000    0.311011
    0.420000    0.580000    0.315782
    0.440000    0.580000    0.319482
    0.460000    0.580000    0.322120
    0.480000    0.580000    0.323701
    0.500000    0.580000    0.324227
    0.520000    0.580000    0.323701
    0.540000    0.580000    0.322120
    0.560000    0.580000    0.319482
    0.580000    0.580000    0.315782
    0.600000    0.580000    0.311011
    0.620000    0.580000    0.305163
    0.640000    0.580000    0.298227
    0.660000    0.580000    0.290195
    0.680000    0.580000    0.281058
    0.700000    0.580000    0.270810
    0.720000    0.580000    0.259445
    0.740000    0.580000    0.246966
    0.760000    0.580000    0.233377
    0.780000    0.580000    0.218692
    0.800000    0.580000    0.202933
    0.820000    0.580000    0.186131
    0.840000    0.580000    0.168333
    0.860000    0.580000    0.149595
    0.880000    0.580000    0.129990
    0.900000    0.580000    0.109604
    0.920000    0.580000    0.088541
    0.940000    0.580000    0.066916
    0.960000    0.580000    0.044857
    0.980000    0.580000    0.022503
    1.000000    0.580000    0.000000
 
    0.000000    0.560000    0.000000
    0.020000    0.560000    0.020868
    0.040000    0.560000    0.041604
    0.060000    0.560000    0.062081
    0.080000    0.560000    0.082176
    0.100000    0.560000    0.101775
    0.120000    0.560000    0.120772
    0.140000    0.560000    0.139074
    0.160000    0.560000    0.156602
    0.180000    0.560000    0.173284
    0.200000    0.560000    0.189066
    0.220000    0.560000    0.203901
    0.240000    0.560000    0.217754
    0.260000    0.560000    0.230601
    0.280000    0.560000    0.242423
    0.300000    0.560000    0.253209
    0.320000    0.560000    0.262954
    0.340000    0.560000    0.271657
    0.360000    0.560000    0.279319
    0.380000    0.560000    0.285944
    0.400000    0.560000    0.291538
    0.420000    0.560000    0.296105
    0.440000    0.560000    0.299650
    0.460000    0.560000    0.302179
    0.480000    0.560000    0.303695
    0.500000    0.560000    0.304200
    0.520000    0.560000    0.303695
    0.540000    0.560000    0.302179
    0.560000    0.560000    0.299650
    0.580000    0.560000    0.296105
    0.600000    0.560000    0.291538
    0.620000    0.560000    0.285944
    0.640000    0.560000    0.279319
    0.660000    0.560000    0.271657
    0.680000    0.560000    0.262955
    0.700000    0.560000    0.253209
    0.720000    0.560000    0.242423
    0.740000    0.560000    0.230601
    0.760000    0.560000    0.217754
    0.780000    0.560000    0.203901
    0.800000    0.560000    0.189066
    0.820000    0.560000    0.173284
    0.840000    0.560000    0.156602
    0.860000    0.560000    0.139074
    0.880000    0.560000    0.120772
    0.900000    0.560000    0.101775
    0.920000    0.560000    0.082176
    0.940000    0.560000    0.062081
    0.960000    0.560000    0.041604
    0.980000    0.560000    0.020868
    1.000000    0.560000    0.000000
 
    0.000000    0.540000    0.000000
    0.020000    0.540000    0.019363
    0.040000    0.540000    0.038611
    0.060000    0.540000    0.057629
    0.080000    0.540000    0.076308
    0.100000    0.540000    0.094546
    0.120000    0.540000    0.112248
    0.140000    0.540000    0.129330
    0.160000    0.540000    0.145715
    0.180000    0.540000    0.161338
    0.200000    0.540000    0.176146
    0.220000    0.540000    0.190091
    0.240000    0.540000    0.203139
    0.260000    0.540000    0.215261
    0.280000    0.540000    0.226436
    0.300000    0.540000    0.236650
    0.320000    0.540000    0.245893
    0.340000    0.540000    0.254160
    0.360000    0.540000    0.261449
    0.380000    0.540000    0.267758
    0.400000    0.540000    0.273091
    0.420000    0.540000    0.277449
    0.440000    0.540000    0.280835
    0.460000    0.540000    0.283251
    0.480000    0.540000    0.284700
    0.500000    0.540000    0.285183
    0.520000    0.540000    0.284700
    0.540000    0.540000    0.283251
    0.560000    0.540000    0.280835
    0.580000    0.540000    0.277449
    0.600000    0.540000    0.273091
    0.620000    0.540000    0.267758
    0.640000    0.540000    0.261449
    0.660000    0.540000    0.254160
    0.680000    0.540000    0.245893
    0.700000    0.540000    0.236650
    0.720000    0.540000    0.226436
    0.740000    0.540000    0.215261
    0.760000    0.540000    0.203139
    0.780000    0.540000    0.190091
    0.800000    0.540000    0.176146
    0.820000    0.540000    0.161338
    0.840000    0.540000    0.145715
    0.860000    0.540000    0.129330
    0.880000    0.540000    0.112248
    0.900000    0.540000    0.094546
    0.920000    0.540000    0.076308
    0.940000    0.540000    0.057629
    0.960000    0.540000    0.038611
    0.980000    0.540000    0.019363
    1.000000    0.540000    0.000000
 
    0.000000    0.520000    0.000000
    0.020000    0.520000    0.017975
    0.040000    0.520000    0.035847
    0.060000    0.520000    0.053514
    0.080000    0.520000    0.070881
    0.100000    0.520000    0.087853
    0.120000    0.520000    0.104346
    0.140000    0.520000    0.120281
    0.160000    0.520000    0.135590
    0.180000    0.520000    0.150209
    0.200000    0.520000    0.164087
    0.220000    0.520000    0.177179
    0.240000    0.520000    0.189449
    0.260000    0.520000    0.200867
    0.280000    0.520000    0.211411
    0.300000    0.520000    0.221062
    0.320000    0.520000    0.229808
    0.340000    0.520000    0.237642
    0.360000    0.520000    0.244556
    0.380000    0.520000    0.250549
    0.400000    0.520000    0.255619
    0.420000    0.520000    0.259765
    0.440000    0.520000    0.262989
    0.460000    0.520000    0.265290
    0.480000    0.520000    0.266671
    0.500000    0.520000    0.267131
    0.520000    0.520000    0.266671
    0.540000    0.520000    0.265290
    0.560000    0.520000    0.262989
    0.580000    0.520000    0.259765
    0.600000    0.520000    0.255619
    0.620000    0.520000    0.250549
    0.640000    0.520000    0.244556
    0.660000    0.520000    0.237642
    0.680000    0.520000    0.229808
    0.700000    0.520000    0.221062
    0.720000    0.520000    0.211411
    0.740000    0.520000    0.200867
    0.760000    0.520000    0.189449
    0.780000    0.520000    0.177179
    0.800000    0.520000    0.164087
    0.820000    0.520000    0.150209
    0.840000    0.520000    0.135590
    0.860000    0.520000    0.120281
    0.880000    0.520000    0.104346
    0.900000    0.520000    0.087853
    0.920000    0.520000    0.070881
    0.940000    0.520000    0.053514
    0.960000    0.520000    0.035847
    0.980000    0.520000    0.017975
    1.000000    0.520000    0.000000
 
    0.000000    0.500000    0.000000
    0.020000    0.500000    0.016689
    0.040000    0.500000    0.033287
    0.060000    0.500000    0.049702
    0.080000    0.500000    0.065847
    0.100000    0.500000    0.081639
    0.120000    0.500000    0.097001
    0.140000    0.500000    0.111860
    0.160000    0.500000    0.126153
    0.180000    0.500000    0.139821
    0.200000    0.500000    0.152814
    0.220000    0.500000    0.165090
    0.240000    0.500000    0.176611
    0.260000    0.500000    0.187348
    0.280000    0.500000    0.197277
    0.300000    0.500000    0.206378
    0.320000    0.500000    0.214637
    0.340000    0.500000    0.222042
    0.360000    0.500000    0.228586
    0.380000    0.500000    0.234263
    0.400000    0.500000    0.239070
    0.420000    0.500000    0.243004
    0.440000    0.500000    0.246065
    0.460000    0.500000    0.248251
    0.480000    0.500000    0.249562
    0.500000    0.500000    0.250000
    0.520000    0.500000    0.249563
    0.540000    0.500000    0.248251
    0.560000    0.500000    0.246065
    0.580000    0.500000    0.243004
    0.600000    0.500000    0.239070
    0.620000    0.500000    0.234263
    0.640000    0.500000    0.228586
    0.660000    0.500000    0.222042
    0.680000    0.500000    0.214637
    0.700000    0.500000    0.206378
    0.720000    0.500000    0.197277
    0.740000    0.500000    0.187348
    0.760000    0.500000    0.176611
    0.780000    0.500000    0.165090
    0.800000    0.500000    0.152814
    0.820000    0.500000    0.139821
    0.840000    0.500000    0.126153
    0.860000    0.500000    0.111860
    0.880000    0.500000    0.097001
    0.900000    0.500000    0.081639
    0.920000    0.500000    0.065847
    0.940000    0.500000    0.049702
    0.960000    0.500000    0.033287
    0.980000    0.500000    0.016689
    1.000000    0.500000    0.000000
 
    0.000000    0.480000    0.000000
    0.020000    0.480000    0.015496
    0.040000    0.480000    0.030909
    0.060000    0.480000    0.046159
    0.080000    0.480000    0.061167
    0.100000    0.480000    0.075857
    0.120000    0.480000    0.090158
    0.140000    0.480000    0.104006
    0.160000    0.480000    0.117341
    0.180000    0.480000    0.130108
    0.200000    0.480000    0.142259
    0.220000    0.480000    0.153754
    0.240000    0.480000    0.164557
    0.260000    0.480000    0.174638
    0.280000    0.480000    0.183971
    0.300000    0.480000    0.192537
    0.320000    0.480000    0.200319
    0.340000    0.480000    0.207304
    0.360000    0.480000    0.213482
    0.380000    0.480000    0.218848
    0.400000    0.480000    0.223394
    0.420000    0.480000    0.227117
    0.440000    0.480000    0.230015
    0.460000    0.480000    0.232086
    0.480000    0.480000    0.233329
    0.500000    0.480000    0.233743
    0.520000    0.480000    0.233329
    0.540000    0.480000    0.232086
    0.560000    0.480000    0.230015
    0.580000    0.480000    0.227117
    0.600000    0.480000    0.223394
    0.620000    0.480000    0.218848
    0.640000    0.480000    0.213482
    0.660000    0.480000    0.207304
    0.680000    0.480000    0.200319
    0.700000    0.480000    0.192537
    0.720000    0.480000    0.183971
    0.740000    0.480000    0.174638
    0.760000    0.480000    0.164557
    0.780000    0.480000    0.153754
    0.800000    0.480000    0.142259
    0.820000    0.480000    0.130108
    0.840000    0.480000    0.117341
    0.860000    0.480000    0.104006
    0.880000    0.480000    0.090158
    0.900000    0.480000    0.075857
    0.920000    0.480000    0.061167
    0.940000    0.480000    0.046159
    0.960000    0.480000    0.030909
    0.980000    0.480000    0.015496
    1.000000    0.480000    0.000000
 
    0.000000    0.460000    0.000000
    0.020000    0.460000    0.014385
    0.040000    0.460000    0.028695
    0.060000    0.460000    0.042859
    0.080000    0.460000    0.056804
    0.100000    0.460000    0.070462
    0.120000    0.460000    0.083770
    0.140000    0.460000    0.096666
    0.160000    0.460000    0.109096
    0.180000    0.460000    0.121009
    0.200000    0.460000    0.132361
    0.220000    0.460000    0.143111
    0.240000    0.460000    0.153226
    0.260000    0.460000    0.162675
    0.280000    0.460000    0.171433
    0.300000    0.460000    0.179479
    0.320000    0.460000    0.186797
    0.340000    0.460000    0.193372
    0.360000    0.460000    0.199193
    0.380000    0.460000    0.204251
    0.400000    0.460000    0.208540
    0.420000    0.460000    0.212055
    0.440000    0.460000    0.214792
    0.460000    0.460000    0.216749
    0.480000    0.460000    0.217923
    0.500000    0.460000    0.218315
    0.520000    0.460000    0.217923
    0.540000    0.460000    0.216749
    0.560000    0.460000    0.214792
    0.580000    0.460000    0.212055
    0.600000    0.460000    0.208540
    0.620000    0.460000    0.204251
    0.640000    0.460000    0.199193
    0.660000    0.460000    0.193372
    0.680000    0.460000    0.186797
    0.700000    0.460000    0.179479
    0.720000    0.460000    0.171433
    0.740000    0.460000    0.162675
    0.760000    0.460000    0.153226
    0.780000    0.460000    0.143111
    0.800000    0.460000    0.132361
    0.820000    0.460000    0.121009
    0.840000    0.460000    0.109096
    0.860000    0.460000    0.096666
    0.880000    0.460000    0.083770
    0.900000    0.460000    0.070462
    0.920000    0.460000    0.056804
    0.940000    0.460000    0.042859
    0.960000    0.460000    0.028695
    0.980000    0.460000    0.014385
    1.000000    0.460000    0.000000
 
    0.000000    0.440000    0.000000
    0.020000    0.440000    0.013348
    0.040000    0.440000    0.026629
    0.060000    0.440000    0.039776
    0.080000    0.440000    0.052727
    0.100000    0.440000    0.065419
    0.120000    0.440000    0.077792
    0.140000    0.440000    0.089792
    0.160000    0.440000    0.101368
    0.180000    0.440000    0.112473
    0.200000    0.440000    0.123064
    0.220000    0.440000    0.133104
    0.240000    0.440000    0.142560
    0.260000    0.440000    0.151402
    0.280000    0.440000    0.159606
    0.300000    0.440000    0.167151
    0.320000    0.440000    0.174018
    0.340000    0.440000    0.180194
    0.360000    0.440000    0.185665
    0.380000    0.440000    0.190424
    0.400000    0.440000    0.194461
    0.420000    0.440000    0.197771
    0.440000    0.440000    0.200349
    0.460000    0.440000    0.202193
    0.480000    0.440000    0.203301
    0.500000    0.440000    0.203670
    0.520000    0.440000    0.203301
    0.540000    0.440000    0.202193
    0.560000    0.440000    0.200349
    0.580000    0.440000    0.197771
    0.600000    0.440000    0.194461
    0.620000    0.440000    0.190424
    0.640000    0.440000    0.185665
    0.660000    0.440000    0.180194
    0.680000    0.440000    0.174018
    0.700000    0.440000    0.167151
    0.720000    0.440000    0.159606
    0.740000    0.440000    0.151402
    0.760000    0.440000    0.142560
    0.780000    0.440000    0.133104
    0.800000    0.440000    0.123064
    0.820000    0.440000    0.112473
    0.840000    0.440000    0.101368
    0.860000    0.440000    0.089792
    0.880000    0.440000    0.077792
    0.900000    0.440000    0.065419
    0.920000    0.440000    0.052727
    0.940000    0.440000    0.039776
    0.960000    0.440000    0.026629
    0.980000    0.440000    0.013348
    1.000000    0.440000    0.000000
 
    0.000000    0.420000    0.000000
    0.020000    0.420000    0.012378
    0.040000    0.420000    0.024695
    0.060000    0.420000    0.036892
    0.080000    0.420000    0.048910
    0.100000    0.420000    0.060693
    0.120000    0.420000    0.072187
    0.140000    0.420000    0.083343
    0.160000    0.420000    0.094111
    0.180000    0.420000    0.104449
    0.200000    0.420000    0.114318
    0.220000    0.420000    0.123681
    0.240000    0.420000    0.132507
    0.260000    0.420000    0.140768
    0.280000    0.420000    0.148439
    0.300000    0.420000    0.155500
    0.320000    0.420000    0.161931
    0.340000    0.420000    0.167720
    0.360000    0.420000    0.172852
    0.380000    0.420000    0.177317
    0.400000    0.420000    0.181108
    0.420000    0.420000    0.184218
    0.440000    0.420000    0.186642
    0.460000    0.420000    0.188375
    0.480000    0.420000    0.189416
    0.500000    0.420000    0.189764
    0.520000    0.420000    0.189416
    0.540000    0.420000    0.188375
    0.560000    0.420000    0.186642
    0.580000    0.420000    0.184218
    0.600000    0.420000    0.181108
    0.620000    0.420000    0.177317
    0.640000    0.420000    0.172852
    0.660000    0.420000    0.167720
    0.680000    0.420000    0.161931
    0.700000    0.420000    0.155500
    0.720000    0.420000    0.148439
    0.740000    0.420000    0.140768
    0.760000    0.420000    0.132507
    0.780000    0.420000    0.123681
    0.800000    0.420000    0.114318
    0.820000    0.420000    0.104449
    0.840000    0.420000    0.094111
    0.860000    0.420000    0.083343
    0.880000    0.420000    0.072187
    0.900000    0.420000    0.060693
    0.920000    0.420000    0.048910
    0.940000    0.420000    0.036892
    0.960000    0.420000    0.024695
    0.980000    0.420000    0.012378
    1.000000    0.420000    0.000000
 
    0.000000    0.400000    0.000000
    0.020000    0.400000    0.011468
    0.040000    0.400000    0.022881
    0.060000    0.400000    0.034185
    0.080000    0.400000    0.045327
    0.100000    0.400000    0.056256
    0.120000    0.400000    0.066922
    0.140000    0.400000    0.077280
    0.160000    0.400000    0.087284
    0.180000    0.400000    0.096896
    0.200000    0.400000    0.106078
    0.220000    0.400000    0.114796
    0.240000    0.400000    0.123020
    0.260000    0.400000    0.130724
    0.280000    0.400000    0.137883
    0.300000    0.400000    0.144477
    0.320000    0.400000    0.150488
    0.340000    0.400000    0.155902
    0.360000    0.400000    0.160704
    0.380000    0.400000    0.164886
    0.400000    0.400000    0.168437
    0.420000    0.400000    0.171352
    0.440000    0.400000    0.173624
    0.460000    0.400000    0.175249
    0.480000    0.400000    0.176226
    0.500000    0.400000    0.176552
    0.520000    0.400000    0.176226
    0.540000    0.400000    0.175249
    0.560000    0.400000    0.173624
    0.580000    0.400000    0.171352
    0.600000    0.400000    0.168437
    0.620000    0.400000    0.164886
    0.640000    0.400000    0.160704
    0.660000    0.400000    0.155902
    0.680000    0.400000    0.150488
    0.700000    0.400000    0.144477
    0.720000    0.400000    0.137883
    0.740000    0.400000    0.130724
    0.760000    0.400000    0.123020
    0.780000    0.400000    0.114796
    0.800000    0.400000    0.106078
    0.820000    0.400000    0.096896
    0.840000    0.400000    0.087284
    0.860000    0.400000    0.077280
    0.880000    0.400000    0.066922
    0.900000    0.400000    0.056256
    0.920000    0.400000    0.045327
    0.940000    0.400000    0.034185
    0.960000    0.400000    0.022881
    0.980000    0.400000    0.011468
    1.000000    0.400000    0.000000
 
    0.000000    0.380000    0.000000
    0.020000    0.380000    0.010613
    0.040000    0.380000    0.021177
    0.060000    0.380000    0.031641
    0.080000    0.380000    0.041958
    0.100000    0.380000    0.052082
    0.120000    0.380000    0.061966
    0.140000    0.380000    0.071569
    0.160000    0.380000    0.080850
    0.180000    0.380000    0.089773
    0.200000    0.380000    0.098301
    0.220000    0.380000    0.106404
    0.240000    0.380000    0.114054
    0.260000    0.380000    0.121224
    0.280000    0.380000    0.127891
    0.300000    0.380000    0.134037
    0.320000    0.380000    0.139643
    0.340000    0.380000    0.144694
    0.360000    0.380000    0.149178
    0.380000    0.380000    0.153084
    0.400000    0.380000    0.156403
    0.420000    0.380000    0.159127
    0.440000    0.380000    0.161252
    0.460000    0.380000    0.162773
    0.480000    0.380000    0.163686
    0.500000    0.380000    0.163991
    0.520000    0.380000    0.163686
    0.540000    0.380000    0.162773
    0.560000    0.380000    0.161252
    0.580000    0.380000    0.159127
    0.600000    0.380000    0.156403
    0.620000    0.380000    0.153084
    0.640000    0.380000    0.149178
    0.660000    0.380000    0.144694
    0.680000    0.380000    0.139643
    0.700000    0.380000    0.134037
    0.720000    0.380000    0.127891
    0.740000    0.380000    0.121224
    0.760000    0.380000    0.114054
    0.780000    0.380000    0.106404
    0.800000    0.380000    0.098301
    0.820000    0.380000    0.089773
    0.840000    0.380000    0.080850
    0.860000    0.380000    0.071569
    0.880000    0.380000    0.061966
    0.900000    0.380000    0.052082
    0.920000    0.380000    0.041958
    0.940000    0.380000    0.031641
    0.960000    0.380000    0.021177
    0.980000    0.380000    0.010613
    1.000000    0.380000    0.000000
 
    0.000000    0.360000    0.000000
    0.020000    0.360000    0.009808
    0.040000    0.360000    0.019571
    0.060000    0.360000    0.029244
    0.080000    0.360000    0.038783
    0.100000    0.360000    0.048146
    0.120000    0.360000    0.057292
    0.140000    0.360000    0.066180
    0.160000    0.360000    0.074776
    0.180000    0.360000    0.083043
    0.200000    0.360000    0.090949
    0.220000    0.360000    0.098466
    0.240000    0.360000    0.105567
    0.260000    0.360000    0.112226
    0.280000    0.360000    0.118422
    0.300000    0.360000    0.124137
    0.320000    0.360000    0.129352
    0.340000    0.360000    0.134054
    0.360000    0.360000    0.138230
    0.380000    0.360000    0.141869
    0.400000    0.360000    0.144963
    0.420000    0.360000    0.147503
    0.440000    0.360000    0.149485
    0.460000    0.360000    0.150903
    0.480000    0.360000    0.151756
    0.500000    0.360000    0.152040
    0.520000    0.360000    0.151756
    0.540000    0.360000    0.150903
    0.560000    0.360000    0.149485
    0.580000    0.360000    0.147503
    0.600000    0.360000    0.144963
    0.620000    0.360000    0.141869
    0.640000    0.360000    0.138230
    0.660000    0.360000    0.134054
    0.680000    0.360000    0.129352
    0.700000    0.360000    0.124137
    0.720000    0.360000    0.118422
    0.740000    0.360000    0.112226
    0.760000    0.360000    0.105567
    0.780000    0.360000    0.098466
    0.800000    0.360000    0.090949
    0.820000    0.360000    0.083043
    0.840000    0.360000    0.074776
    0.860000    0.360000    0.066180
    0.880000    0.360000    0.057292
    0.900000    0.360000    0.048146
    0.920000    0.360000    0.038783
    0.940000    0.360000    0.029244
    0.960000    0.360000    0.019571
    0.980000    0.360000    0.009808
    1.000000    0.360000    0.000000
 
    0.000000    0.340000    0.000000
    0.020000    0.340000    0.009048
    0.040000    0.340000    0.018055
    0.060000    0.340000    0.026981
    0.080000    0.340000    0.035785
    0.100000    0.340000    0.044428
    0.120000    0.340000    0.052874
    0.140000    0.340000    0.061085
    0.160000    0.340000    0.069029
    0.180000    0.340000    0.076673
    0.200000    0.340000    0.083988
    0.220000    0.340000    0.090945
    0.240000    0.340000    0.097520
    0.260000    0.340000    0.103691
    0.280000    0.340000    0.109435
    0.300000    0.340000    0.114735
    0.320000    0.340000    0.119575
    0.340000    0.340000    0.123941
    0.360000    0.340000    0.127819
    0.380000    0.340000    0.131201
    0.400000    0.340000    0.134076
    0.420000    0.340000    0.136438
    0.440000    0.340000    0.138281
    0.460000    0.340000    0.139600
    0.480000    0.340000    0.140393
    0.500000    0.340000    0.140657
    0.520000    0.340000    0.140393
    0.540000    0.340000    0.139600
    0.560000    0.340000    0.138281
    0.580000    0.340000    0.136438
    0.600000    0.340000    0.134076
    0.620000    0.340000    0.131201
    0.640000    0.340000    0.127819
    0.660000    0.340000    0.123941
    0.680000    0.340000    0.119575
    0.700000    0.340000    0.114735
    0.720000    0.340000    0.109435
    0.740000    0.340000    0.103691
    0.760000    0.340000    0.097520
    0.780000    0.340000    0.090945
    0.800000    0.340000    0.083988
    0.820000    0.340000    0.076673
    0.840000    0.340000    0.069029
    0.860000    0.340000    0.061085
    0.880000    0.340000    0.052874
    0.900000    0.340000    0.044428
    0.920000    0.340000    0.035785
    0.940000    0.340000    0.026981
    0.960000    0.340000    0.018055
    0.980000    0.340000    0.009048
    1.000000    0.340000    0.000000
 
    0.000000    0.320000    0.000000
    0.020000    0.320000    0.008329
    0.040000    0.320000    0.016621
    0.060000    0.320000    0.024839
    0.080000    0.320000    0.032947
    0.100000    0.320000    0.040908
    0.120000    0.320000    0.048689
    0.140000    0.320000    0.056258
    0.160000    0.320000    0.063582
    0.180000    0.320000    0.070633
    0.200000    0.320000    0.077383
    0.220000    0.320000    0.083806
    0.240000    0.320000    0.089879
    0.260000    0.320000    0.095581
    0.280000    0.320000    0.100892
    0.300000    0.320000    0.105794
    0.320000    0.320000    0.110273
    0.340000    0.320000    0.114314
    0.360000    0.320000    0.117905
    0.380000    0.320000    0.121038
    0.400000    0.320000    0.123702
    0.420000    0.320000    0.125891
    0.440000    0.320000    0.127600
    0.460000    0.320000    0.128823
    0.480000    0.320000    0.129558
    0.500000    0.320000    0.129804
    0.520000    0.320000    0.129558
    0.540000    0.320000    0.128823
    0.560000    0.320000    0.127600
    0.580000    0.320000    0.125891
    0.600000    0.320000    0.123702
    0.620000    0.320000    0.121038
    0.640000    0.320000    0.117905
    0.660000    0.320000    0.114314
    0.680000    0.320000    0.110273
    0.700000    0.320000    0.105794
    0.720000    0.320000    0.100892
    0.740000    0.320000    0.095581
    0.760000    0.320000    0.089879
    0.780000    0.320000    0.083806
    0.800000    0.320000    0.077383
    0.820000    0.320000    0.070633
    0.840000    0.320000    0.063582
    0.860000    0.320000    0.056258
    0.880000    0.320000    0.048689
    0.900000    0.320000    0.040908
    0.920000    0.320000    0.032947
    0.940000    0.320000    0.024839
    0.960000    0.320000    0.016621
    0.980000    0.320000    0.008329
    1.000000    0.320000    0.000000
 
    0.000000    0.300000    0.000000
    0.020000    0.300000    0.007648
    0.040000    0.300000    0.015261
    0.060000    0.300000    0.022808
    0.080000    0.300000    0.030254
    0.100000    0.300000    0.037568
    0.120000    0.300000    0.044718
    0.140000    0.300000    0.051675
    0.160000    0.300000    0.058409
    0.180000    0.300000    0.064894
    0.200000    0.300000    0.071105
    0.220000    0.300000    0.077018
    0.240000    0.300000    0.082610
    0.260000    0.300000    0.087863
    0.280000    0.300000    0.092757
    0.300000    0.300000    0.097277
    0.320000    0.300000    0.101407
    0.340000    0.300000    0.105136
    0.360000    0.300000    0.108451
    0.380000    0.300000    0.111343
    0.400000    0.300000    0.113803
    0.420000    0.300000    0.115826
    0.440000    0.300000    0.117404
    0.460000    0.300000    0.118534
    0.480000    0.300000    0.119214
    0.500000    0.300000    0.119441
    0.520000    0.300000    0.119214
    0.540000    0.300000    0.118534
    0.560000    0.300000    0.117404
    0.580000    0.300000    0.115826
    0.600000    0.300000    0.113803
    0.620000    0.300000    0.111343
    0.640000    0.300000    0.108451
    0.660000    0.300000    0.105136
    0.680000    0.300000    0.101407
    0.700000    0.300000    0.097277
    0.720000    0.300000    0.092757
    0.740000    0.300000    0.087863
    0.760000    0.300000    0.082610
    0.780000    0.300000    0.077018
    0.800000    0.300000    0.071105
    0.820000    0.300000    0.064894
    0.840000    0.300000    0.058409
    0.860000    0.300000    0.051675
    0.880000    0.300000    0.044718
    0.900000    0.300000    0.037568
    0.920000    0.300000    0.030254
    0.940000    0.300000    0.022808
    0.960000    0.300000    0.015261
    0.980000    0.300000    0.007648
    1.000000    0.300000    0.000000
 
    0.000000    0.280000    0.000000
    0.020000    0.280000    0.007000
    0.040000    0.280000    0.013969
    0.060000    0.280000    0.020877
    0.080000    0.280000    0.027694
    0.100000    0.280000    0.034392
    0.120000    0.280000    0.040941
    0.140000    0.280000    0.047314
    0.160000    0.280000    0.053485
    0.180000    0.280000    0.059430
    0.200000    0.280000    0.065125
    0.220000    0.280000    0.070549
    0.240000    0.280000    0.075681
    0.260000    0.280000    0.080502
    0.280000    0.280000    0.084997
    0.300000    0.280000    0.089149
    0.320000    0.280000    0.092944
    0.340000    0.280000    0.096372
    0.360000    0.280000    0.099420
    0.380000    0.280000    0.102080
    0.400000    0.280000    0.104343
    0.420000    0.280000    0.106204
    0.440000    0.280000    0.107656
    0.460000    0.280000    0.108697
    0.480000    0.280000    0.109322
    0.500000    0.280000    0.109531
    0.520000    0.280000    0.109322
    0.540000    0.280000    0.108697
    0.560000    0.280000    0.107656
    0.580000    0.280000    0.106204
    0.600000    0.280000    0.104343
    0.620000    0.280000    0.102080
    0.640000    0.280000    0.099420
    0.660000    0.280000    0.096372
    0.680000    0.280000    0.092944
    0.700000    0.280000    0.089149
    0.720000    0.280000    0.084997
    0.740000    0.280000    0.080502
    0.760000    0.280000    0.075681
    0.780000    0.280000    0.070549
    0.800000    0.280000    0.065125
    0.820000    0.280000    0.059430
    0.840000    0.280000    0.053485
    0.860000    0.280000    0.047314
    0.880000    0.280000    0.040941
    0.900000    0.280000    0.034392
    0.920000    0.280000    0.027694
    0.940000    0.280000    0.020877
    0.960000    0.280000    0.013969
    0.980000    0.280000    0.007000
    1.000000    0.280000    0.000000
 
    0.000000    0.260000    0.000000
    0.020000    0.260000    0.006382
    0.040000    0.260000    0.012737
    0.060000    0.260000    0.019037
    0.080000    0.260000    0.025255
    0.100000    0.260000    0.031364
    0.120000    0.260000    0.037339
    0.140000    0.260000    0.043154
    0.160000    0.260000    0.048788
    0.180000    0.260000    0.054216
    0.200000    0.260000    0.059417
    0.220000    0.260000    0.064372
    0.240000    0.260000    0.069061
    0.260000    0.260000    0.073469
    0.280000    0.260000    0.077579
    0.300000    0.260000    0.081377
    0.320000    0.260000    0.084850
    0.340000    0.260000    0.087986
    0.360000    0.260000    0.090777
    0.380000    0.260000    0.093212
    0.400000    0.260000    0.095286
    0.420000    0.260000    0.096990
    0.440000    0.260000    0.098321
    0.460000    0.260000    0.099274
    0.480000    0.260000    0.099847
    0.500000    0.260000    0.100038
    0.520000    0.260000    0.099847
    0.540000    0.260000    0.099274
    0.560000    0.260000    0.098321
    0.580000    0.260000    0.096990
    0.600000    0.260000    0.095286
    0.620000    0.260000    0.093212
    0.640000    0.260000    0.090777
    0.660000    0.260000    0.087986
    0.680000    0.260000    0.084850
    0.700000    0.260000    0.081377
    0.720000    0.260000    0.077579
    0.740000    0.260000    0.073469
    0.760000    0.260000    0.069061
    0.780000    0.260000    0.064372
    0.800000    0.260000    0.059417
    0.820000    0.260000    0.054216
    0.840000    0.260000    0.048788
    0.860000    0.260000    0.043155
    0.880000    0.260000    0.037339
    0.900000    0.260000    0.031364
    0.920000    0.260000    0.025255
    0.940000    0.260000    0.019037
    0.960000    0.260000    0.012737
    0.980000    0.260000    0.006382
    1.000000    0.260000    0.000000
 
    0.000000    0.240000    0.000000
    0.020000    0.240000    0.005793
    0.040000    0.240000    0.011561
    0.060000    0.240000    0.017279
    0.080000    0.240000    0.022923
    0.100000    0.240000    0.028470
    0.120000    0.240000    0.033896
    0.140000    0.240000    0.039178
    0.160000    0.240000    0.044295
    0.180000    0.240000    0.049228
    0.200000    0.240000    0.053955
    0.220000    0.240000    0.058460
    0.240000    0.240000    0.062724
    0.260000    0.240000    0.066734
    0.280000    0.240000    0.070473
    0.300000    0.240000    0.073930
    0.320000    0.240000    0.077091
    0.340000    0.240000    0.079948
    0.360000    0.240000    0.082489
    0.380000    0.240000    0.084708
    0.400000    0.240000    0.086597
    0.420000    0.240000    0.088150
    0.440000    0.240000    0.089363
    0.460000    0.240000    0.090232
    0.480000    0.240000    0.090754
    0.500000    0.240000    0.090928
    0.520000    0.240000    0.090754
    0.540000    0.240000    0.090232
    0.560000    0.240000    0.089363
    0.580000    0.240000    0.088150
    0.600000    0.240000    0.086597
    0.620000    0.240000    0.084708
    0.640000    0.240000    0.082489
    0.660000    0.240000    0.079948
    0.680000    0.240000    0.077091
    0.700000    0.240000    0.073930
    0.720000    0.240000    0.070473
    0.740000    0.240000    0.066734
    0.760000    0.240000    0.062724
    0.780000    0.240000    0.058460
    0.800000    0.240000    0.053955
    0.820000    0.240000    0.049228
    0.840000    0.240000    0.044295
    0.860000    0.240000    0.039178
    0.880000    0.240000    0.033896
    0.900000    0.240000    0.028470
    0.920000    0.240000    0.022923
    0.940000    0.240000    0.017279
    0.960000    0.240000    0.011561
    0.980000    0.240000    0.005793
    1.000000    0.240000    0.000000
 
    0.000000    0.220000    0.000000
    0.020000    0.220000    0.005228
    0.040000    0.220000    0.010434
    0.060000    0.220000    0.015595
    0.080000    0.220000    0.020690
    0.100000    0.220000    0.025697
    0.120000    0.220000    0.030596
    0.140000    0.220000    0.035366
    0.160000    0.220000    0.039988
    0.180000    0.220000    0.044444
    0.200000    0.220000    0.048716
    0.220000    0.220000    0.052787
    0.240000    0.220000    0.056643
    0.260000    0.220000    0.060268
    0.280000    0.220000    0.063650
    0.300000    0.220000    0.066777
    0.320000    0.220000    0.069638
    0.340000    0.220000    0.072223
    0.360000    0.220000    0.074524
    0.380000    0.220000    0.076533
    0.400000    0.220000    0.078243
    0.420000    0.220000    0.079650
    0.440000    0.220000    0.080749
    0.460000    0.220000    0.081536
    0.480000    0.220000    0.082009
    0.500000    0.220000    0.082167
    0.520000    0.220000    0.082009
    0.540000    0.220000    0.081536
    0.560000    0.220000    0.080749
    0.580000    0.220000    0.079650
    0.600000    0.220000    0.078243
    0.620000    0.220000    0.076533
    0.640000    0.220000    0.074524
    0.660000    0.220000    0.072223
    0.680000    0.220000    0.069638
    0.700000    0.220000    0.066777
    0.720000    0.220000    0.063650
    0.740000    0.220000    0.060268
    0.760000    0.220000    0.056643
    0.780000    0.220000    0.052787
    0.800000    0.220000    0.048716
    0.820000    0.220000    0.044444
    0.840000    0.220000    0.039988
    0.860000    0.220000    0.035366
    0.880000    0.220000    0.030596
    0.900000    0.220000    0.025697
    0.920000    0.220000    0.020690
    0.940000    0.220000    0.015595
    0.960000    0.220000    0.010434
    0.980000    0.220000    0.005228
    1.000000    0.220000    0.000000
 
    0.000000    0.200000    0.000000
    0.020000    0.200000    0.004685
    0.040000    0.200000    0.009351
    0.060000    0.200000    0.013977
    0.080000    0.200000    0.018544
    0.100000    0.200000    0.023033
    0.120000    0.200000    0.027425
    0.140000    0.200000    0.031703
    0.160000    0.200000    0.035848
    0.180000    0.200000    0.039845
    0.200000    0.200000    0.043677
    0.220000    0.200000    0.047331
    0.240000    0.200000    0.050791
    0.260000    0.200000    0.054046
    0.280000    0.200000    0.057083
    0.300000    0.200000    0.059891
    0.320000    0.200000    0.062461
    0.340000    0.200000    0.064784
    0.360000    0.200000    0.066851
    0.380000    0.200000    0.068656
    0.400000    0.200000    0.070194
    0.420000    0.200000    0.071459
    0.440000    0.200000    0.072446
    0.460000    0.200000    0.073154
    0.480000    0.200000    0.073579
    0.500000    0.200000    0.073721
    0.520000    0.200000    0.073579
    0.540000    0.200000    0.073154
    0.560000    0.200000    0.072446
    0.580000    0.200000    0.071459
    0.600000    0.200000    0.070194
    0.620000    0.200000    0.068656
    0.640000    0.200000    0.066851
    0.660000    0.200000    0.064784
    0.680000    0.200000    0.062461
    0.700000    0.200000    0.059891
    0.720000    0.200000    0.057083
    0.740000    0.200000    0.054046
    0.760000    0.200000    0.050791
    0.780000    0.200000    0.047331
    0.800000    0.200000    0.043677
    0.820000    0.200000    0.039845
    0.840000    0.200000    0.035848
    0.860000    0.200000    0.031703
    0.880000    0.200000    0.027425
    0.900000    0.200000    0.023033
    0.920000    0.200000    0.018544
    0.940000    0.200000    0.013977
    0.960000    0.200000    0.009351
    0.980000    0.200000    0.004685
    1.000000    0.200000    0.000000
 
    0.000000    0.180000    0.000000
    0.020000    0.180000    0.004163
    0.040000    0.180000    0.008308
    0.060000    0.180000    0.012418
    0.080000    0.180000    0.016476
    0.100000    0.180000    0.020465
    0.120000    0.180000    0.024369
    0.140000    0.180000    0.028171
    0.160000    0.180000    0.031856
    0.180000    0.180000    0.035410
    0.200000    0.180000    0.038818
    0.220000    0.180000    0.042067
    0.240000    0.180000    0.045146
    0.260000    0.180000    0.048042
    0.280000    0.180000    0.050744
    0.300000    0.180000    0.053244
    0.320000    0.180000    0.055531
    0.340000    0.180000    0.057599
    0.360000    0.180000    0.059440
    0.380000    0.180000    0.061048
    0.400000    0.180000    0.062417
    0.420000    0.180000    0.063544
    0.440000    0.180000    0.064424
    0.460000    0.180000    0.065054
    0.480000    0.180000    0.065433
    0.500000    0.180000    0.065560
    0.520000    0.180000    0.065433
    0.540000    0.180000    0.065054
    0.560000    0.180000    0.064424
    0.580000    0.180000    0.063544
    0.600000    0.180000    0.062417
    0.620000    0.180000    0.061048
    0.640000    0.180000    0.059440
    0.660000    0.180000    0.057599
    0.680000    0.180000    0.055531
    0.700000    0.180000    0.053244
    0.720000    0.180000    0.050744
    0.740000    0.180000    0.048042
    0.760000    0.180000    0.045146
    0.780000    0.180000    0.042067
    0.800000    0.180000    0.038818
    0.820000    0.180000    0.035410
    0.840000    0.180000    0.031856
    0.860000    0.180000    0.028171
    0.880000    0.180000    0.024369
    0.900000    0.180000    0.020465
    0.920000    0.180000    0.016476
    0.940000    0.180000    0.012418
    0.960000    0.180000    0.008308
    0.980000    0.180000    0.004163
    1.000000    0.180000    0.000000
 
    0.000000    0.160000    0.000000
    0.020000    0.160000    0.003658
    0.040000    0.160000    0.007300
    0.060000    0.160000    0.010912
    0.080000    0.160000    0.014478
    0.100000    0.160000    0.017983
    0.120000    0.160000    0.021414
    0.140000    0.160000    0.024756
    0.160000    0.160000    0.027996
    0.180000    0.160000    0.031120
    0.200000    0.160000    0.034117
    0.220000    0.160000    0.036975
    0.240000    0.160000    0.039683
    0.260000    0.160000    0.042230
    0.280000    0.160000    0.044608
    0.300000    0.160000    0.046808
    0.320000    0.160000    0.048821
    0.340000    0.160000    0.050641
    0.360000    0.160000    0.052262
    0.380000    0.160000    0.053678
    0.400000    0.160000    0.054884
    0.420000    0.160000    0.055876
    0.440000    0.160000    0.056651
    0.460000    0.160000    0.057206
    0.480000    0.160000    0.057540
    0.500000    0.160000    0.057651
    0.520000    0.160000    0.057540
    0.540000    0.160000    0.057206
    0.560000    0.160000    0.056651
    0.580000    0.160000    0.055876
    0.600000    0.160000    0.054884
    0.620000    0.160000    0.053678
    0.640000    0.160000    0.052262
    0.660000    0.160000    0.050641
    0.680000    0.160000    0.048821
    0.700000    0.160000    0.046808
    0.720000    0.160000    0.044608
    0.740000    0.160000    0.042230
    0.760000    0.160000    0.039683
    0.780000    0.160000    0.036975
    0.800000    0.160000    0.034117
    0.820000    0.160000    0.031120
    0.840000    0.160000    0.027996
    0.860000    0.160000    0.024756
    0.880000    0.160000    0.021414
    0.900000    0.160000    0.017983
    0.920000    0.160000    0.014478
    0.940000    0.160000    0.010912
    0.960000    0.160000    0.007300
    0.980000    0.160000    0.003658
    1.000000    0.160000    0.000000
 
    0.000000    0.140000    0.000000
    0.020000    0.140000    0.003168
    0.040000    0.140000    0.006322
    0.060000    0.140000    0.009451
    0.080000    0.140000    0.012539
    0.100000    0.140000    0.015576
    0.120000    0.140000    0.018548
    0.140000    0.140000    0.021444
    0.160000    0.140000    0.024251
    0.180000    0.140000    0.026958
    0.200000    0.140000    0.029556
    0.220000    0.140000    0.032033
    0.240000    0.140000    0.034380
    0.260000    0.140000    0.036589
    0.280000    0.140000    0.038650
    0.300000    0.140000    0.040558
    0.320000    0.140000    0.042304
    0.340000    0.140000    0.043883
    0.360000    0.140000    0.045289
    0.380000    0.140000    0.046517
    0.400000    0.140000    0.047564
    0.420000    0.140000    0.048425
    0.440000    0.140000    0.049097
    0.460000    0.140000    0.049579
    0.480000    0.140000    0.049869
    0.500000    0.140000    0.049965
    0.520000    0.140000    0.049869
    0.540000    0.140000    0.049579
    0.560000    0.140000    0.049097
    0.580000    0.140000    0.048425
    0.600000    0.140000    0.047564
    0.620000    0.140000    0.046517
    0.640000    0.140000    0.045289
    0.660000    0.140000    0.043883
    0.680000    0.140000    0.042304
    0.700000    0.140000    0.040558
    0.720000    0.140000    0.038650
    0.740000    0.140000    0.036589
    0.760000    0.140000    0.034380
    0.780000    0.140000    0.032033
    0.800000    0.140000    0.029556
    0.820000    0.140000    0.026958
    0.840000    0.140000    0.024251
    0.860000    0.140000    0.021444
    0.880000    0.140000    0.018548
    0.900000    0.140000    0.015576
    0.920000    0.140000    0.012539
    0.940000    0.140000    0.009451
    0.960000    0.140000    0.006322
    0.980000    0.140000    0.003168
    1.000000    0.140000    0.000000
 
    0.000000    0.120000    0.000000
    0.020000    0.120000    0.002691
    0.040000    0.120000    0.005371
    0.060000    0.120000    0.008029
    0.080000    0.120000    0.010653
    0.100000    0.120000    0.013234
    0.120000    0.120000    0.015759
    0.140000    0.120000    0.018220
    0.160000    0.120000    0.020605
    0.180000    0.120000    0.022906
    0.200000    0.120000    0.025114
    0.220000    0.120000    0.027220
    0.240000    0.120000    0.029216
    0.260000    0.120000    0.031094
    0.280000    0.120000    0.032847
    0.300000    0.120000    0.034469
    0.320000    0.120000    0.035955
    0.340000    0.120000    0.037298
    0.360000    0.120000    0.038494
    0.380000    0.120000    0.039539
    0.400000    0.120000    0.040429
    0.420000    0.120000    0.041162
    0.440000    0.120000    0.041734
    0.460000    0.120000    0.042144
    0.480000    0.120000    0.042391
    0.500000    0.120000    0.042473
    0.520000    0.120000    0.042391
    0.540000    0.120000    0.042144
    0.560000    0.120000    0.041734
    0.580000    0.120000    0.041162
    0.600000    0.120000    0.040429
    0.620000    0.120000    0.039539
    0.640000    0.120000    0.038494
    0.660000    0.120000    0.037298
    0.680000    0.120000    0.035955
    0.700000    0.120000    0.034469
    0.720000    0.120000    0.032847
    0.740000    0.120000    0.031094
    0.760000    0.120000    0.029216
    0.780000    0.120000    0.027220
    0.800000    0.120000    0.025114
    0.820000    0.120000    0.022906
    0.840000    0.120000    0.020605
    0.860000    0.120000    0.018220
    0.880000    0.120000    0.015759
    0.900000    0.120000    0.013234
    0.920000    0.120000    0.010653
    0.940000    0.120000    0.008029
    0.960000    0.120000    0.005371
    0.980000    0.120000    0.002691
    1.000000    0.120000    0.000000
 
    0.000000    0.100000    0.000000
    0.020000    0.100000    0.002226
    0.040000    0.100000    0.004443
    0.060000    0.100000    0.006641
    0.080000    0.100000    0.008811
    0.100000    0.100000    0.010946
    0.120000    0.100000    0.013035
    0.140000    0.100000    0.015070
    0.160000    0.100000    0.017044
    0.180000    0.100000    0.018948
    0.200000    0.100000    0.020775
    0.220000    0.100000    0.022518
    0.240000    0.100000    0.024169
    0.260000    0.100000    0.025724
    0.280000    0.100000    0.027175
    0.300000    0.100000    0.028518
    0.320000    0.100000    0.029748
    0.340000    0.100000    0.030860
    0.360000    0.100000    0.031850
    0.380000    0.100000    0.032715
    0.400000    0.100000    0.033453
    0.420000    0.100000    0.034059
    0.440000    0.100000    0.034533
    0.460000    0.100000    0.034873
    0.480000    0.100000    0.035077
    0.500000    0.100000    0.035145
    0.520000    0.100000    0.035077
    0.540000    0.100000    0.034873
    0.560000    0.100000    0.034533
    0.580000    0.100000    0.034059
    0.600000    0.100000    0.033453
    0.620000    0.100000    0.032715
    0.640000    0.100000    0.031850
    0.660000    0.100000    0.030860
    0.680000    0.100000    0.029748
    0.700000    0.100000    0.028518
    0.720000    0.100000    0.027175
    0.740000    0.100000    0.025724
    0.760000    0.100000    0.024169
    0.780000    0.100000    0.022518
    0.800000    0.100000    0.020775
    0.820000    0.100000    0.018948
    0.840000    0.100000    0.017044
    0.860000    0.100000    0.015070
    0.880000    0.100000    0.013035
    0.900000    0.100000    0.010946
    0.920000    0.100000    0.008811
    0.940000    0.100000    0.006641
    0.960000    0.100000    0.004443
    0.980000    0.100000    0.002226
    1.000000    0.100000    0.000000
 
    0.000000    0.080000    0.000000
    0.020000    0.080000    0.001770
    0.040000    0.080000    0.003532
    0.060000    0.080000    0.005280
    0.080000    0.080000    0.007006
    0.100000    0.080000    0.008703
    0.120000    0.080000    0.010364
    0.140000    0.080000    0.011983
    0.160000    0.080000    0.013553
    0.180000    0.080000    0.015067
    0.200000    0.080000    0.016520
    0.220000    0.080000    0.017906
    0.240000    0.080000    0.019220
    0.260000    0.080000    0.020456
    0.280000    0.080000    0.021611
    0.300000    0.080000    0.022680
    0.320000    0.080000    0.023658
    0.340000    0.080000    0.024543
    0.360000    0.080000    0.025331
    0.380000    0.080000    0.026020
    0.400000    0.080000    0.026607
    0.420000    0.080000    0.027089
    0.440000    0.080000    0.027467
    0.460000    0.080000    0.027737
    0.480000    0.080000    0.027900
    0.500000    0.080000    0.027954
    0.520000    0.080000    0.027900
    0.540000    0.080000    0.027737
    0.560000    0.080000    0.027467
    0.580000    0.080000    0.027089
    0.600000    0.080000    0.026607
    0.620000    0.080000    0.026020
    0.640000    0.080000    0.025331
    0.660000    0.080000    0.024543
    0.680000    0.080000    0.023658
    0.700000    0.080000    0.022680
    0.720000    0.080000    0.021611
    0.740000    0.080000    0.020456
    0.760000    0.080000    0.019220
    0.780000    0.080000    0.017906
    0.800000    0.080000    0.016520
    0.820000    0.080000    0.015067
    0.840000    0.080000    0.013553
    0.860000    0.080000    0.011983
    0.880000    0.080000    0.010364
    0.900000    0.080000    0.008703
    0.920000    0.080000    0.007006
    0.940000    0.080000    0.005280
    0.960000    0.080000    0.003532
    0.980000    0.080000    0.001770
    1.000000    0.080000    0.000000
 
    0.000000    0.060000    0.000000
    0.020000    0.060000    0.001321
    0.040000    0.060000    0.002636
    0.060000    0.060000    0.003941
    0.080000    0.060000    0.005229
    0.100000    0.060000    0.006496
    0.120000    0.060000    0.007736
    0.140000    0.060000    0.008945
    0.160000    0.060000    0.010116
    0.180000    0.060000    0.011247
    0.200000    0.060000    0.012332
    0.220000    0.060000    0.013367
    0.240000    0.060000    0.014348
    0.260000    0.060000    0.015271
    0.280000    0.060000    0.016133
    0.300000    0.060000    0.016931
    0.320000    0.060000    0.017662
    0.340000    0.060000    0.018323
    0.360000    0.060000    0.018912
    0.380000    0.060000    0.019426
    0.400000    0.060000    0.019865
    0.420000    0.060000    0.020225
    0.440000    0.060000    0.020507
    0.460000    0.060000    0.020709
    0.480000    0.060000    0.020830
    0.500000    0.060000    0.020871
    0.520000    0.060000    0.020830
    0.540000    0.060000    0.020709
    0.560000    0.060000    0.020507
    0.580000    0.060000    0.020225
    0.600000    0.060000    0.019865
    0.620000    0.060000    0.019426
    0.640000    0.060000    0.018912
    0.660000    0.060000    0.018323
    0.680000    0.060000    0.017662
    0.700000    0.060000    0.016931
    0.720000    0.060000    0.016133
    0.740000    0.060000    0.015271
    0.760000    0.060000    0.014348
    0.780000    0.060000    0.013367
    0.800000    0.060000    0.012332
    0.820000    0.060000    0.011247
    0.840000    0.060000    0.010116
    0.860000    0.060000    0.008945
    0.880000    0.060000    0.007736
    0.900000    0.060000    0.006496
    0.920000    0.060000    0.005229
    0.940000    0.060000    0.003941
    0.960000    0.060000    0.002636
    0.980000    0.060000    0.001321
    1.000000    0.060000    0.000000
 
    0.000000    0.040000    0.000000
    0.020000    0.040000    0.000878
    0.040000    0.040000    0.001752
    0.060000    0.040000    0.002618
    0.080000    0.040000    0.003474
    0.100000    0.040000    0.004316
    0.120000    0.040000    0.005140
    0.140000    0.040000    0.005943
    0.160000    0.040000    0.006721
    0.180000    0.040000    0.007473
    0.200000    0.040000    0.008194
    0.220000    0.040000    0.008881
    0.240000    0.040000    0.009533
    0.260000    0.040000    0.010147
    0.280000    0.040000    0.010720
    0.300000    0.040000    0.011250
    0.320000    0.040000    0.011736
    0.340000    0.040000    0.012175
    0.360000    0.040000    0.012567
    0.380000    0.040000    0.012909
    0.400000    0.040000    0.013200
    0.420000    0.040000    0.013440
    0.440000    0.040000    0.013627
    0.460000    0.040000    0.013761
    0.480000    0.040000    0.013842
    0.500000    0.040000    0.013869
    0.520000    0.040000    0.013842
    0.540000    0.040000    0.013761
    0.560000    0.040000    0.013627
    0.580000    0.040000    0.013440
    0.600000    0.040000    0.013200
    0.620000    0.040000    0.012909
    0.640000    0.040000    0.012567
    0.660000    0.040000    0.012175
    0.680000    0.040000    0.011736
    0.700000    0.040000    0.011250
    0.720000    0.040000    0.010720
    0.740000    0.040000    0.010147
    0.760000    0.040000    0.009533
    0.780000    0.040000    0.008881
    0.800000    0.040000    0.008194
    0.820000    0.040000    0.007473
    0.840000    0.040000    0.006721
    0.860000    0.040000    0.005943
    0.880000    0.040000    0.005140
    0.900000    0.040000    0.004316
    0.920000    0.040000    0.003474
    0.940000    0.040000    0.002618
    0.960000    0.040000    0.001752
    0.980000    0.040000    0.000878
    1.000000    0.040000    0.000000
 
    0.000000    0.020000    0.000000
    0.020000    0.020000    0.000438
    0.040000    0.020000    0.000874
    0.060000    0.020000    0.001306
    0.080000    0.020000    0.001734
    0.100000    0.020000    0.002154
    0.120000    0.020000    0.002565
    0.140000    0.020000    0.002965
    0.160000    0.020000    0.003354
    0.180000    0.020000    0.003729
    0.200000    0.020000    0.004089
    0.220000    0.020000    0.004432
    0.240000    0.020000    0.004757
    0.260000    0.020000    0.005063
    0.280000    0.020000    0.005349
    0.300000    0.020000    0.005614
    0.320000    0.020000    0.005856
    0.340000    0.020000    0.006076
    0.360000    0.020000    0.006271
    0.380000    0.020000    0.006442
    0.400000    0.020000    0.006587
    0.420000    0.020000    0.006707
    0.440000    0.020000    0.006800
    0.460000    0.020000    0.006867
    0.480000    0.020000    0.006908
    0.500000    0.020000    0.006921
    0.520000    0.020000    0.006908
    0.540000    0.020000    0.006867
    0.560000    0.020000    0.006800
    0.580000    0.020000    0.006707
    0.600000    0.020000    0.006587
    0.620000    0.020000    0.006442
    0.640000    0.020000    0.006271
    0.660000    0.020000    0.006076
    0.680000    0.020000    0.005856
    0.700000    0.020000    0.005614
    0.720000    0.020000    0.005349
    0.740000    0.020000    0.005063
    0.760000    0.020000    0.004757
    0.780000    0.020000    0.004432
    0.800000    0.020000    0.004089
    0.820000    0.020000    0.003729
    0.840000    0.020000    0.003354
    0.860000    0.020000    0.002965
    0.880000    0.020000    0.002565
    0.900000    0.020000    0.002154
    0.920000    0.020000    0.001734
    0.940000    0.020000    0.001306
    0.960000    0.020000    0.000874
    0.980000    0.020000    0.000438
    1.000000    0.020000    0.000000
 
    0.000000    0.000000    0.000000
    0.020000    0.000000    0.000000
    0.040000    0.000000    0.000000
    0.060000    0.000000    0.000000
    0.080000    0.000000    0.000000
    0.100000    0.000000    0.000000
    0.120000    0.000000    0.000000
    0.140000    0.000000    0.000000
    0.160000    0.000000    0.000000
    0.180000    0.000000    0.000000
    0.200000    0.000000    0.000000
    0.220000    0.000000    0.000000
    0.240000    0.000000    0.000000
    0.260000    0.000000    0.000000
    0.280000    0.000000    0.000000
    0.300000    0.000000    0.000000
    0.320000    0.000000    0.000000
    0.340000    0.000000    0.000000
    0.360000    0.000000    0.000000
    0.380000    0.000000    0.000000
    0.400000    0.000000    0.000000
    0.420000    0.000000    0.000000
    0.440000    0.000000    0.000000
    0.460000    0.000000    0.000000
    0.480000    0.000000    0.000000
    0.500000    0.000000    0.000000
    0.520000    0.000000    0.000000
    0.540000    0.000000    0.000000
    0.560000    0.000000    0.000000
    0.580000    0.000000    0.000000
    0.600000    0.000000    0.000000
    0.620000    0.000000    0.000000
    0.640000    0.000000    0.000000
    0.660000    0.000000    0.000000
    0.680000    0.000000    0.000000
    0.700000    0.000000    0.000000
    0.720000    0.000000    0.000000
    0.740000    0.000000    0.000000
    0.760000    0.000000    0.000000
    0.780000    0.000000    0.000000
    0.800000    0.000000    0.000000
    0.820000    0.000000    0.000000
    0.840000    0.000000    0.000000
    0.860000    0.000000    0.000000
    0.880000    0.000000    0.000000
    0.900000    0.000000    0.000000
    0.920000    0.000000    0.000000
    0.940000    0.000000    0.000000
    0.960000    0.000000    0.000000
    0.980000    0.000000    0.000000
    1.000000    0.000000    0.000000
 
